0096334231029767
0102952120105172
0121194567584126
0190869784676571
0204282623531336
0241843278423257
0245811265225647
0396928965160154
0425396527042872
0463143487933708
0477876029006297
0514736225343667
0560307147234600
0590217220934956
0849366187027829
0876226598351927
0919044060280117
0942554454570321
0947912377089491
0998768624398915
1012877450215153
1063219963973221
1076000806072027
1080604288270143
1118631558752339
1124111134306190
1158746483165395
1230175048603127
1272957108821414
1370027458960260
1521876214440001
1600614573369900
1631861999423345
1739719648554524
1753811856422364
1799572819961116
1835232372005696
1857438873492061
1919855068500230
2011096265161174
2034258871505044
2074092229766361
2085564406788900
2091947325900645
2094586344106347
2117439089686752
2150456988842985
2180399103885430
2234778428102550
2260581189923761
2413660791008032
2466623967880254
2471615656999141
2506205302988039
2586311977350388
2628354577103225
2675447211811803
2681148153080494
2683556015573783
2713462421161479
2758624930880187
2790971729938632
2799169164896209
3004815500581389
3084921964930376
3099440567808643
3100639288762401
3107672876317211
3172199718904889
3218331302559025
3263563465975033
3338348110176613
3426003669663598
3435753143146427
3542019230444036
3584247834044079
3626113804490137
3661902213680122
3722612960906276
3730521013619096
3741758511961471
3781980467752911
3787683364461859
3805657721125079
3844668107586444
3861623344240310
3897193479906993
3915122967348408
3952006459039658
3981821900278675
4029294450841556
4055961289477458
4090070119042711
4092510874563802
4104032244003830
4130654456626703
4234276162825765
4238249453763776
4385037327951834
4416131865930791
4483381002203000
4497667829616081
4620661173386658
4643657247165275
4671362035690213
4674525591438065
4749724039879917
4795352303618963
4855774026127644
4857840449768189
4865640763466612
5063239586366628
5127688686676224
5160141027370618
5322744451785966
5337204289260360
5349946143048909
5400716530827512
5449079391727605
5451859020256974
5503239447205564
5609088171063406
5609331736176050
5644422805300612
5667793344785408
5669419667748613
5695431457826528
5723900972866460
5793929244314712
5843913502919157
5855924084206776
5916763220061493
5941054192662334
5987324502737833
6027675934625064
6073244962576489
6073896914530546
6113878270400258
6173043804229786
6248378316872070
6276882401986144
6297589290047057
6323081296541545
6357241192435967
6390702969462760
6393917707495857
6401018722589397
6424502666864081
6439764443050274
6488300487980243
6626554938516040
6636516434595117
6650724547603081
6684384864536294
6734945291802679
6777670296858134
6779960541169947
6840523837741103
6848738939162301
7028646607629135
7141931958272018
7171755235404296
7181865719498806
7229030955875493
7283176510748739
7328118654810844
7374754389314135
7417258240533689
7467280417733375
7512482334286333
7531269587338072
7549586165164359
7610067232753753
7653379361147439
7678939270981938
7689832297800359
7701916807311250
7819162703300906
7836504075482311
7851702065010431
7914105884587012
8035094698187480
8066045550737893
8095789908940383
8150152523011688
8167503824894478
8314282136537506
8354144007844183
8355972377065278
8356846640489575
8397979668212287
8458350924239277
8535226178767959
8552542982744984
8603191390762627
8603450023011694
8612198842554494
8621560891044451
8632419237891623
8648528326396329
8669529180853204
8733474807466791
8770709769344919
8798320747429884
8824778325312068
8918299610523931
8921095341241328
8940249659716497
9010919517210386
9019573548400218
9148689357356217
9168471977755273
9174905759481278
9238678546388674
9239479001909903
9272009062618107
9337196640689706
9374582276941041
9468069624856267
9513808810678158
9551214243199953
9578459579439565
9668577457049803
9712858437030234
9776060382020538
9821108477523645
9827108346519148
9904579095302578
9909353180551424
9932625045639393
9981356658414577
