9738704704763672
2118391660819227
7606159905559544
1843763100507469
7017059441048125
1725477351660877
8449557282096784
9297674836039953
8133514145411759
9284531339856547
6614611673012628
5821173105448845
5322325760113475
2934786440085983
8685746591566082
1870389730408675
7583826391876379
3477003700131295
8988544492920958
8949216028517727
2342739419247924
0925150626762308
6685620485747756
8571722708574643
0770343284012942
8683914780987242
6444798527221795
0958788389261134
4727357182510680
0131770792108992
6823496919835348
1069731541677061
9582404119292455
0362417828475021
5416099300504556
5901564732655853
8269779905235226
0926213060635986
0620986273710878
0422812885426756
4507073071352893
6505039023842313
4256483085616956
3569882396619399
0644408634493034
1426401706315442
5251389003736909
2193972715230641
1972734433460838
5519687175393434
8548608291351316
8992362063539452
4808440233209979
1647118503085126
0852070011083762
8808884844055224
8775077428017258
2808213902627406
